<?xml version="1.0"?>
<opencv_storage>
<intrinsic type_id="opencv-matrix">
  <rows>3</rows>
  <cols>3</cols>
  <dt>d</dt>
  <data>
    1.0755022080333395e+03 0. 4.5714583389958329e+02 0.
    1.0848130956604671e+03 3.3229443178381831e+02 0. 0. 1.</data></intrinsic>
<distortion type_id="opencv-matrix">
  <rows>1</rows>
  <cols>5</cols>
  <dt>d</dt>
  <data>
    2.7757922337176496e-02 2.2185754441429570e-01
    -4.5874630243474459e-03 2.1234870909449637e-03
    -4.1495723888018247e-02</data></distortion>
</opencv_storage>
