<?xml version="1.0"?>
<opencv_storage>
<intrinsic type_id="opencv-matrix">
  <rows>3</rows>
  <cols>3</cols>
  <dt>d</dt>
  <data>
    1.4638566044309655e+03 0. 2.8086261127014632e+02 0.
    1.4717669944457016e+03 2.2336647947841627e+02 0. 0. 1.</data></intrinsic>
<distortion type_id="opencv-matrix">
  <rows>1</rows>
  <cols>5</cols>
  <dt>d</dt>
  <data>
    -1.9554388884281304e-01 1.0847365757981205e+01
    -7.5889457697860176e-03 2.0348438258709156e-03
    -1.3973133693534584e+02</data></distortion>
</opencv_storage>
