<?xml version="1.0"?>
<opencv_storage>
<intrinsic type_id="opencv-matrix">
  <rows>3</rows>
  <cols>3</cols>
  <dt>d</dt>
  <data>
    9.3600917698958619e+02 0. 5.2102103502236582e+02 0.
    9.4230060418521464e+02 3.2253125474230995e+02 0. 0. 1.</data></intrinsic>
<distortion type_id="opencv-matrix">
  <rows>1</rows>
  <cols>5</cols>
  <dt>d</dt>
  <data>
    -5.2772171988482997e-03 -2.7345539948278413e-01
    -3.2471445919381799e-03 -2.7644144027288943e-04
    6.3593533415994863e-01</data></distortion>
</opencv_storage>
