<?xml version="1.0"?>
<opencv_storage>
<intrinsic type_id="opencv-matrix">
  <rows>3</rows>
  <cols>3</cols>
  <dt>d</dt>
  <data>
    1.4088638132563626e+03 0. 5.0246110128752400e+02 0.
    1.4119567356175839e+03 2.3876549534074653e+02 0. 0. 1.</data></intrinsic>
<distortion type_id="opencv-matrix">
  <rows>1</rows>
  <cols>5</cols>
  <dt>d</dt>
  <data>
    3.8923978003261417e-01 -3.2423415372694158e+00
    -2.0384804014512013e-02 1.1204940391178897e-02
    1.2707878794037986e+01</data></distortion>
</opencv_storage>
